ID	200	201	204	205	207	209	217	221	224	228	236	237	241	242	248	262	265	268	272	274	284	202	212	213	218	227	229	230	232	234	244	256	257	259	267	273	277	279	280	215	222	223	231	233	235	245	246	250	251	260	261	283
ID80	1.039187171	1.172343714	0.696630222	1.018425178	0.719779238	0.944158316	1.238677255	0.974046182	0.842598162	1.180300846	0.743010803	0.863129124	0.815961541	0.743416664	0.618153959	0.692341724	0.598467037	0.602033538	0.861617969	0.909648131	0.745523906	0.782822578	1.014430236	0.798407249	0.785675622	0.955550328	1.019149197	0.764634841	0.885289519	0.798559916	0.55124764	0.726466971	1.04169652	0.684006025	0.87459864	0.90835421	0.917817489	0.794192108	0.774567403	0.995087882	1.01210348	0.702097929	0.841095065	0.650758522	0.769205255	0.918053087	0.777573013	0.786471979	0.516055394	0.656156212	0.909103232	0.903901086
ID81	0.206757306	0.330385689	0.99148572	0.584993375	0.549058796	0.475573082	0.491265021	0.781543213	1.029998624	1.202964317	1.504505345	1.323909532	1.387981998	1.26820168	1.193280618	1.367641015	1.703004154	1.288788211	1.1664356	1.336286564	0.490811457	0.879220269	0.233092961	0.433775396	0.949292116	0.057347313	0.621046801	0.603521056	0.846360154	0.50601038	1.084341958	0.876353493	0.562716981	0.835562633	0.620672007	0.271101614	0.798976064	0.485926304	0.52816727	0.614104648	0.49349434	1.079959842	1.061813814	1.00237783	0.731653491	0.387407121	0.718156434	1.328492497	1.788219527	1.0545225	0.618323278	0.545011079
ID82	0.45717804	0.778099391	0.481434201	0.331517892	0.331517892	0.230085054	1.012496795	0.779397335	0.927863578	0.571121392	0.418627444	0.530897442	-0.27150997	0.021821709	0.50829759	0.252091428	0.698257423	0.289683341	0.522826886	-0.265647678	0.3723252	0.642189735	0.685310779	0.890644026	0.085415303	0.602959833	0.867731967	0.889509674	0.302928485	0.975365677	1.081767562	0.645749456	0.812815087	0.297490636	0.578891443	-0.015808002	0.624147971	0.351162789	0.806116117	0.27858391	-0.608531044	0.739004324	0.30809116	0.398604051	-0.302049725	-0.004897499	0.5138581	0.816388977	0.480369761	0.621420643	0.310061563	0.114902657
ID83	1.009616113	0.991885765	1.073965079	1.051735829	0.870133145	0.755194194	1.18184642	1.078873668	1.1637015	1.048104907	1.241669561	1.047390112	0.75626257	0.766066165	1.069751437	0.96448327	1.467801971	1.066521317	1.259242697	0.913668326	1.125234812	1.231058125	0.815119782	0.796985215	0.983262006	0.90904058	0.983189214	0.830214296	0.867049923	0.85925427	1.078376452	0.864637814	0.913638455	1.287790532	0.920019355	0.869824624	1.006631754	0.869585715	1.012750436	0.993935197	0.958409517	0.922813528	1.02626139	1.293718096	0.586903302	0.901856042	0.992568737	1.132650461	1.322460941	1.224188086	0.895127775	0.904527843
ID84	1.312932593	1.451954249	1.494806749	1.294282144	0.985107391	0.805311897	1.542376064	1.423376247	1.396048858	1.540346054	1.641511177	1.389561157	1.365939284	1.07417285	1.381561732	1.461372915	1.756923015	1.346869247	1.470839593	1.393319642	1.659941949	1.511810205	1.142060912	1.024934618	1.440933236	1.024727929	1.312325866	1.12007595	1.577695881	0.821078106	1.345606045	1.227720608	1.153062509	1.614869803	1.110458663	1.061777318	1.538345899	1.28378171	1.169423201	1.288976135	1.249175237	0.930491543	1.219181262	1.611233538	0.896060866	0.744506427	1.429771063	1.71047684	1.975651053	1.446623147	1.155478165	0.777986514
ID85	1.849930955	1.760852684	1.766350156	1.780759374	1.884080237	1.854203193	1.796930061	1.806465261	1.765850984	1.731831643	1.712542782	1.783456056	1.815234483	1.80989353	1.788494082	1.772429884	1.558813921	1.796875554	1.712629356	1.733909572	1.762737155	1.699664144	1.872024313	1.866400347	1.748477893	1.8325181	1.869258541	1.817583769	1.818521804	1.903272129	1.704896242	1.90563209	1.89333183	1.696519267	1.833613377	1.929640756	1.824147662	1.755467083	1.847557618	1.689872193	1.744603529	1.709076741	1.806857422	1.700073781	1.849239412	1.806331999	1.795021071	1.750037977	1.470377623	1.800833958	1.863445507	1.781118934
ID86	1.462846296	1.503788111	1.586952077	1.439916632	1.184695519	0.932872658	1.616863644	1.476047752	1.588659069	1.597723555	1.732158665	1.498870137	1.428079976	1.301088548	1.421020283	1.493282669	1.905495048	1.457819119	1.623236326	1.471977851	1.731959961	1.674894833	1.289514261	1.195901585	1.526087363	1.221359686	1.380154557	1.231962045	1.504596271	1.11315547	1.489770558	1.371658152	1.287576889	1.716585011	1.26552346	1.149001602	1.546594401	1.369475264	1.363761781	1.422260848	1.404432608	1.253246724	1.406517846	1.695082463	1.07101127	1.223030594	1.483871534	1.70560528	1.995980262	1.543394903	1.221907216	1.178062888
ID70	1.609588746	1.797762471	1.707077834	1.826403885	1.907893539	1.572669089	1.822599821	1.59054813	1.632827098	1.756381603	1.597060924	1.578783742	1.672053722	1.821750097	1.962293254	1.755490344	1.771160081	1.90445505	1.658964474	1.853007338	1.72041766	1.496908454	2.032242638	2.0591192	1.654412592	1.739437832	1.317858736	2.022579983	1.86083218	1.7275597	2.020686809	1.469644008	1.31922922	1.444991445	2.032148556	1.422991578	1.448901505	1.315987366	1.500267983	1.272216965	1.554087006	0.738580624	0.960215919	1.201207837	0.946178885	1.466646154	1.400435152	1.536181259	1.690033863	1.504274201	1.39907711	1.241512769
ID71	0.124339013	0.140028499	0.878167454	0.937244907	0.679115192	1.064155027	0.982289856	0.992380476	1.192805705	0.799583524	0.71162248	0.455446029	0.472530882	0.604548661	0.722990488	0.84518807	0.993192212	1.013055967	0.535030767	0.673053964	0.450747855	1.112845101	0.587782898	1.313529467	0.335740792	0.542871584	1.236654909	1.202093018	0.567472753	1.092261545	0.980199824	0.403961516	0.968524575	0.402152134	0.238324786	0.503136531	0.776629116	0.551100275	0.906219859	0.946587426	0.56457453	1.003235666	0.635919387	0.601650709	0.866820323	0.60284211	0.443185231	0.720809652	0.99885816	0.38628018	0.734555838	1.280543604
ID72	0.772642584	1.035186184	0.85957296	1.070843465	0.893853975	1.248012991	0.629036152	0.948117385	0.888556971	1.06196582	0.974811795	0.284076411	0.654969818	0.991467149	1.300612834	-0.283914829	0.80861684	0.84008793	1.010587623	1.168382842	0.978971142	0.82998208	0.806843674	0.650860189	1.007264145	0.547931636	1.345472324	1.00239191	0.568659436	1.048168235	1.325395232	1.093226689	1.117586869	0.648634861	1.350590612	0.365801227	0.996755309	0.836088285	0.356860434	1.205016904	0.93939432	0.80485902	0.506730992	0.380955258	0.499782529	1.344418935	0.941092552	0.237089363	0.126685064	1.103794987	0.368003032	-0.009085812
ID73	1.748674624	1.752168261	1.651860199	1.834032752	1.605078822	1.848750115	1.417647637	1.507347521	1.708740662	1.736309533	1.762711376	1.792195459	1.642610983	1.738512584	1.949999366	1.910761944	1.903845976	1.871087464	2.000676644	1.906214316	1.757768059	1.900313074	1.728348653	2.146751742	1.413088399	1.442538335	1.64737552	1.641701154	1.14298156	1.774190608	2.034793865	1.182354897	1.328706554	1.279302232	1.892508878	1.79263103	1.447923168	1.085082223	1.430718306	1.50062096	1.30904407	1.16725016	1.623369591	0.996590488	1.294638799	1.668901497	0.863819756	1.768058894	1.284841216	1.465609812	1.310053521	1.777454475
ID74	0.445428938	0.504841915	1.316686145	1.24686665	1.209078089	1.271218499	1.235871266	1.365022601	1.315158855	1.169358435	0.918225251	0.76856522	0.86039593	0.763767195	0.921466411	1.089003345	1.176189077	1.179106163	0.714626154	1.046034272	0.758077445	1.433537708	0.620365596	1.418704235	0.866690333	0.75569832	1.333081183	1.592576935	0.37665274	1.1504661	0.962897502	1.10743542	1.216903427	0.878710188	0.420341664	0.599414116	1.093202272	0.034753413	1.229920586	1.344885167	1.121439606	1.107692529	1.360685317	1.747407013	1.779325775	1.395348727	1.544262361	1.087124134	1.280004662	0.743286673	1.497250787	1.225095641
ID75	0.870477413	1.053975399	1.045571901	1.121592959	0.945172064	1.283185052	0.610203582	0.88576403	0.687755639	1.441340286	0.447709069	0.480544067	0.903487464	1.065725208	1.288752058	-0.434375913	0.812097989	0.521399804	0.890559728	0.548397685	0.950851032	0.847489707	1.172646379	0.672197339	1.122877841	0.842701843	0.710296824	1.191736238	1.440997255	1.642697429	1.353535274	1.741491073	1.478798803	1.12318846	1.580272026	0.84380799	1.485563715	-1.95234569	0.325060211	1.312737901	0.951093967	0.783532803	1.016263348	-1.830041088	0.034426044	1.62621241	-1.697292456	1.30128792	-0.994778349	1.564305827	0.573523903	0.428602415
ID76	1.739919227	1.758022595	1.797023931	1.75269472	1.930477818	1.472956866	1.97291308	1.98551346	1.789742924	1.738721172	1.633197859	1.727640568	1.802950557	1.832035371	1.933376026	1.594700516	1.605779737	1.8265896	1.32782316	1.724529584	1.859395978	1.717107695	0.635438959	1.861005493	1.924291511	0.747141212	1.325931048	1.170242374	1.990618359	2.173062182	1.106752637	1.56793437	1.306958276	1.653404218	-0.3101313	1.184915455	1.103035119	0.327000313	1.67628865	1.935072014	2.035880425	1.780357012	1.660204904	2.162611905	1.873542977	1.436282781	1.860254172	1.915309615	1.652572267	2.225882165	2.533697079	1.283806331
ID77	-2.236354698	-1.525201751	-1.048080496	-1.047528608	-1.144438621	-2.219177819	-0.705105927	-1.122411345	-1.441026569	-0.277313305	-0.290576058	-0.497301007	-0.617117828	-0.180236777	-0.776529894	-0.188487646	-0.242505955	-0.499638463	-0.602216935	-0.730251735	-0.92485097	-1.074872863	-0.768837929	-1.278734306	-0.435142793	-0.211969656	-0.142487396	-1.20737299	-0.216643551	-0.882519148	-0.857019805	-0.264590525	-0.133714755	-0.808339476	-2.573613044	-2.90215394	-2.845451721	-2.202000941	-2.764340189	-0.478561447	-0.330718534	-0.221920059	-0.611065823	-0.286499297	0.138443174	-2.823359942	0.082161284	-0.374789614	-0.168693877	-0.809502057	-0.633803573	0.553979495
ID78	0.151220135	0.042240559	-0.200797489	0.013292657	0.287529476	-0.108627501	0.159950643	0.768059059	0.5642397	-0.038443931	-0.209316319	-0.147552914	-1.965959998	-0.182167381	-0.497537894	-0.038819199	0.727870311	-0.629325412	-0.232055183	0.547134083	0.655528953	-1.82838015	-1.862383009	-0.363176973	0.26504507	-0.353808592	0.678260932	-0.022272646	0.198633641	-1.437584146	0.872537465	1.271829764	0.002011646	-0.193213812	-1.914076576	-1.474728859	1.116295936	-1.969196779	-0.256481406	-1.920550138	0.670085181	-2.041946081	-1.89141911	-0.326343677	-1.969196779	-1.983684025	0.472736696	-1.829920273	-1.452071393	0.703516207	0.094772908	-2.058129986
ID79	0.544963607	0.90836737	0.596524505	0.595926426	0.60528193	0.220376972	0.739030187	0.105391698	0.140383201	0.730516993	1.310317835	0.299734172	0.751497609	1.043444568	0.137709441	0.867114673	0.021703122	0.191635764	0.493180382	0.125392688	0.0810831	0.90167681	1.432715007	0.3575023	0.857451571	1.434074817	1.492485115	1.192644996	0.400113709	0.64245754	0.762924303	1.511616519	0.824273468	1.098372201	0.811542568	1.388849797	1.058018885	-0.409011353	0.164535254	0.665920466	0.157270699	0.023917921	-0.078405709	0.257071539	0.560404559	1.241599935	0.174060534	0.296649352	-1.985373797	0.043914116	-0.260780212	-0.070782491
ID94	1.332551124	1.48071171	1.611045478	1.535964536	0.968933827	0.912260459	1.54028591	1.518187701	1.544904538	1.454767002	1.669241677	1.519139926	1.24344003	1.332850553	1.456088544	1.477425987	1.836681172	1.306409088	1.440283053	1.281856375	1.44668726	1.472569734	1.080479678	1.040010854	1.252578373	1.233143966	1.465260682	1.319976838	1.57506178	0.987307038	1.599996515	1.343841834	0.972127183	1.485511274	1.430196868	1.105728905	1.494528874	1.351650501	1.283318375	1.223685475	0.723463195	1.122949143	1.449022587	1.648755674	0.99930219	0.919503125	1.29939253	1.474532014	2.02022603	1.694949876	0.913045729	1.216221896
ID95	0.678663023	0.722004034	0.778322397	0.252936251	0.574842089	0.676267466	0.896538452	0.66584523	0.731083124	0.433189217	0.712334376	1.00918574	0.693450588	0.445704948	0.870422775	0.517600578	0.673380752	0.553129437	0.573419196	0.501141133	0.690145273	0.897976951	1.20279894	-1.890265605	0.908302735	1.090379556	1.176267024	1.068788364	1.013674998	0.77426931	0.936290495	1.050172984	0.678904983	0.919601619	0.713980896	1.006608246	0.823072424	0.716591207	0.453358351	0.816852943	0.922163868	0.265158688	0.356669956	0.783874897	0.129313436	0.806130477	1.107794128	0.774680144	0.264976273	0.630976834	0.774390522	-0.289276976
ID96	0.140483587	0.355482309	0.511788618	0.14435618	0.706022357	0.49667909	-0.055216175	0.216620192	0.285395801	-0.029154441	0.113969326	0.22550921	0.326279845	-0.063771226	0.434910611	0.215092859	-0.327994613	-0.05153677	0.030971218	0.182347916	0.60062319	0.665370584	0.199346039	0.453555973	0.433870777	0.300918512	0.16569898	-2.037760172	0.048534417	0.684449484	-1.883898184	0.485361299	0.22258398	0.421910184	-0.499049952	-0.06879514	-0.007364779	-0.537619311	0.697880368	0.094412188	0.545347679	0.214274566	0.520229998	-0.240953542	0.173585149	0.223683509	0.20306184	0.782963819	-0.003284354	0.394407542	0.071754935	0.888612931
ID97	0.032078385	-0.037144311	0.694761752	0.348480055	0.659432059	0.717125129	0.189387042	0.502803434	0.762181579	0.331199391	0.651794233	0.550248857	0.380424054	0.592542505	0.51945603	0.529253917	0.236265263	0.628380931	0.336436352	0.37452571	0.274937314	0.131335376	0.188520094	-1.945063944	0.682784819	-0.266679694	0.75379486	0.550616969	0.561560102	0.580662175	0.615647213	0.893838608	0.408065745	0.68142313	0.572147553	0.068438473	0.409197028	0.392319589	-0.066453173	0.289316837	0.851066976	0.642879852	0.471238365	0.835914568	0.965808327	0.342092097	0.597215549	1.169777419	1.044489071	0.692346822	0.668986299	0.754680969
ID98	0.808813585	0.590359218	0.586966275	0.604174212	0.981910834	0.664657926	1.19540751	0.987359879	1.074718567	0.815410591	0.658617041	0.909064181	0.421107435	0.509584479	0.992917857	0.50899693	0.632084996	0.892107853	0.850671948	0.103792567	0.555868891	0.955960396	1.049895024	1.107732091	0.431169727	0.806145777	1.139254894	1.263895721	0.621619617	1.101149836	1.135596978	1.155755487	1.061092081	0.589971741	1.158731439	0.627928271	0.929655148	0.767541639	1.141743965	0.59276223	0.160875629	0.987721378	0.644631006	0.491058846	0.381500854	0.372757265	0.807882736	1.040056278	0.521633149	0.897401568	0.89978995	0.763624869
ID99	1.481280667	1.377625592	1.414077861	1.438437036	1.452063079	1.399635151	1.604611133	1.459071298	1.507231332	1.395684319	1.440121001	1.517784665	1.220441775	1.299249204	1.513723482	1.289213803	1.527397097	1.590081849	1.588940563	1.269356882	1.456112014	1.50664048	1.560683724	1.433750587	1.34048611	1.383269434	1.534667241	1.409272775	1.224957953	1.404055227	1.35636393	1.425338888	1.434962662	1.512022424	1.515555567	1.63870397	1.405792448	1.243365985	1.502790876	1.359921339	1.373353617	1.104700104	1.413942293	1.471193187	0.89682589	1.334212232	1.462009189	1.28489467	1.17871862	1.596055353	1.423077473	1.472529622
ID100	1.771632356	1.67236505	1.740344645	1.563996058	1.57020037	1.521371755	1.813678211	1.762336756	1.612111162	1.730954391	1.726016548	1.752655273	1.764667164	1.516584306	1.618402253	1.739790027	1.724082905	1.636975415	1.591733737	1.726984348	1.697874376	1.626519675	1.736549976	1.671440536	1.612129952	1.492109063	1.792346834	2.043440999	1.876377425	1.619463569	1.814775045	1.842475672	1.420981258	1.655487493	1.677280483	1.625408166	1.822362309	2.025327721	1.413146969	1.424191871	1.601786374	1.148343338	1.538371534	1.69737249	1.475910115	1.499969173	1.67140126	1.758806965	1.643368795	1.654303495	1.782376212	1.434125884
ID101	1.214400436	1.326939856	1.477184458	1.52881536	1.244107328	1.348061618	1.482029953	1.276179359	1.438113145	1.001224172	1.15977213	1.152549869	0.528797782	1.144394635	0.982473375	0.940620728	1.064215558	0.483689131	0.86433914	0.516828915	1.364159719	1.11574956	1.139778044	0.937071049	0.98685976	1.114014639	1.406600496	1.499100148	1.483495879	1.034638426	1.371528265	1.243359537	0.994071613	0.9513059	1.422160518	0.904280121	1.22962175	0.826216512	1.078229722	0.658015808	0.682733782	0.615095377	1.054185428	1.164303406	0.390309258	0.91374935	0.744334802	0.893494893	1.391698357	1.02670471	0.707170245	0.373565068
ID102	1.696236463	1.249413764	1.180216739	1.061039734	1.547593224	1.498114758	1.495379115	1.3460338	1.362928487	1.113037689	0.883469083	1.317271797	1.255523285	0.826750633	1.206401551	0.981867267	1.039974876	0.959062968	0.96877075	0.741942454	1.431124852	1.162314494	1.750619307	1.440762605	0.958766449	1.58318338	1.631033267	1.629840942	1.583309698	1.418197093	1.535084029	1.649256945	1.928228374	1.563475798	1.148295787	1.462652515	1.658807227	1.165057724	1.398309072	1.04669308	1.029638583	0.910847402	0.988746183	1.234389903	1.658521944	1.327087014	1.803054184	1.198151446	0.815310494	0.960082669	1.645030816	1.309085769
ID103	0.989225464	0.825057998	1.337294998	1.230067888	1.393924691	1.216427286	0.918572459	1.000409631	0.871129662	0.401284073	0.406212729	0.426558397	0.31779164	0.010333671	0.425187346	0.525798758	-0.174432879	-2.072451699	-0.162634549	0.384871916	1.068014981	1.652304896	1.325165445	1.724415955	0.976709143	1.003193195	1.200183929	-1.995339326	1.069799477	1.297999549	-1.866610901	0.944674042	1.192279327	0.974492962	-0.387824798	0.627838189	0.649366929	-2.071276512	0.936296918	1.010311075	0.617829599	0.375434739	0.905955903	0.301904918	0.87615721	-0.158546812	0.643247863	1.006409307	-0.051243397	0.904731484	0.737719555	0.944375791
ID104	0.202197246	-0.262302121	0.34142503	-0.140539483	0.315897173	0.193850913	0.13447708	0.298567427	0.171285085	0.335815484	0.41527055	0.310213253	0.938688342	0.696116806	0.453431862	0.581237811	0.27519023	0.469903251	-2.075215478	0.430289587	0.251354048	-1.932856537	-0.003489596	-0.001845495	0.838286531	0.152305296	0.070700078	0.142623553	-0.07786978	0.179598545	0.041500166	0.238749318	0.120861718	-0.357081615	-0.262548065	-0.018126292	0.292577848	-0.018211983	-0.000118622	0.792614177	0.271424638	0.874085204	0.829561742	0.303208344	0.845662518	0.242735237	0.341602573	0.533184287	0.535784726	0.473174624	-0.020158382	0.526844514
ID105	0.620706582	0.382128818	0.723524798	0.525588979	0.78730924	0.648052215	1.10294819	0.956307743	0.993139917	0.894864431	0.627465358	0.850076468	0.520087024	0.589629367	0.946867424	0.845755641	0.769041031	0.502479191	0.868550096	0.424563173	0.684611223	0.834483559	1.108526243	0.981645958	0.412940339	0.950292483	1.238030726	1.393629458	0.539689694	1.063331529	1.175722676	0.830326623	0.894161913	0.065621997	0.83968269	0.460782466	0.859361997	0.190682531	1.19449843	0.910757611	-0.115991299	1.283681497	0.846559463	-0.211036897	1.041142299	0.324220576	0.925196147	1.251085857	0.978529077	1.057688161	0.299899058	1.083349058
ID106	1.761542693	1.674801459	1.612841193	1.623329548	1.827335707	1.788055009	1.633230991	1.691765195	1.579352382	1.703085414	1.63470685	1.751112945	1.818961772	1.766624742	1.749207149	1.7326473	1.47417266	1.793740122	1.668245946	1.741702686	1.645291231	1.614447976	1.801514993	1.811968325	1.715101472	1.781071623	1.757199835	1.706538269	1.684694086	1.849496068	1.614253492	1.804070322	1.851146211	1.641327479	1.717823572	1.845329284	1.724800697	1.7240703	1.790348856	1.692856571	1.790297398	1.747259734	1.741948068	1.624941013	1.862959927	1.798343805	1.760388918	1.655520895	1.414942357	1.70162884	1.797146051	1.81472769
ID107	1.999236	1.992450682	1.996437095	1.991661456	2.000488884	1.997826904	1.999176154	1.994862403	1.993880738	1.999670947	1.997093831	2.001594387	1.994760768	1.997633484	1.998639276	1.99708105	1.996788925	1.99807106	1.984819471	1.990423365	1.985938474	1.990266933	2.001515493	1.999362653	1.985355672	1.995337329	2.006021955	2.001027216	1.996371491	2.002381996	2.001355355	2.003967312	1.999614172	1.993225104	1.994794687	1.999630192	1.994643436	1.994659132	2.002605166	1.982495791	1.994011812	1.97985902	1.999901865	1.996724645	1.998597346	1.98579637	2.00092558	1.999200841	1.973346775	2.000620518	1.997844517	1.977972858
ID108	-0.281238771	-0.524312147	-0.480846453	-0.450971422	-0.389453384	-0.362875006	-0.629429414	-0.275598504	-0.650116717	-0.06625648	-0.4353605	0.02446352	-0.291943836	-0.297447483	0.027145827	-0.297287961	-0.615246246	-0.545231967	-0.60578519	-0.399086895	-0.108264896	-0.150740295	-0.404733543	0.288452741	0.43638115	-0.110152027	-0.105299237	-2.42439276	-0.119257559	-0.149535861	-2.368965871	0.652593185	0.163879961	0.133448678	-2.205196194	-0.520810003	-0.28555619	-2.446663181	0.114467528	-0.629626672	-0.498826361	-1.131073996	-0.380536164	-0.761950257	-0.038423216	-0.848545229	0.115440449	-0.002349125	-1.097254975	0.213217403	-0.586490931	0.046660697
ID109	-0.673172718	-0.496977342	-0.372038605	-0.415640789	-0.466793311	-0.415690715	-0.79585203	-0.693376105	-0.841659447	-0.06135289	-0.157348548	-0.003126049	-0.327554626	-0.201650642	-0.27398175	-0.184458148	0.046554464	-0.181128975	-0.340630141	-0.336319527	-0.559816141	-0.385148028	-0.606358209	-0.666676145	-0.350330947	-0.673978344	-0.599788171	-0.237394223	-0.427036762	-0.386378847	-0.281239935	-0.360122011	-0.427875245	-0.335451058	-0.31788015	-0.337120756	-0.372876895	-0.227514323	-0.564706815	-0.683918599	-0.636059994	-0.500924064	-0.352766977	-0.417219381	-0.386437557	-0.623496545	-0.415640789	-0.29113155	-0.498124868	-0.299195408	-0.290241066	-0.576158588
ID110	0.276175542	0.296849121	-0.071127665	-0.1776141	0.113870578	-0.028798017	0.737119868	0.501009145	0.578169309	0.41944166	-0.202969621	0.220995348	-0.672250694	-0.343824958	-0.070730303	0.082348904	0.27091178	-0.111875881	-0.116885155	-0.384306917	0.096560091	0.211614849	0.510399858	0.897609105	-0.362794214	0.481277127	0.539918342	0.770595043	0.047859882	0.738320985	0.612145708	0.273051442	1.175825422	-0.441365122	0.060620924	-0.176106871	0.241966083	-0.380127681	0.5546309	-0.656163046	-0.687434044	0.525669774	-0.039757491	-0.033495969	-0.601976431	-0.139268325	0.073441921	0.46465946	-0.496974741	0.146207509	-0.046124751	0.064534937
ID111	0.584070811	0.589132014	0.575440336	0.582706853	0.730361409	0.641793996	0.698762423	0.564497903	0.566439158	0.512188803	0.311325537	0.547325393	0.427564643	0.16609963	0.513424996	0.472487125	0.125810972	0.471207539	0.480842455	0.105170864	0.52106613	0.547123697	0.522874064	0.543505402	0.4498118	0.665769169	0.611438597	0.396860833	0.512593525	0.639666529	0.548291811	0.492998913	0.778723372	0.525943902	0.142028	0.403810036	0.50054441	0.282126069	0.57495983	0.277482303	0.430169481	0.289225614	0.524691221	0.60929365	0.366618376	0.555143369	0.344232361	0.73120081	0.261876625	0.479401454	0.553576176	0.362262463
ID112	-0.109941314	0.038190278	-0.164229919	-0.188954616	0.015165366	-0.139052604	0.333924129	-0.163186826	-0.297769767	-0.269642157	-0.142995905	-0.154169984	-0.310734744	-0.377931044	-0.228487544	-0.247798497	-0.30097052	-0.236601892	-0.307652062	-0.157621866	0.849084134	-0.199434775	0.121578204	-0.497433616	0.250975675	-0.071932549	0.269031806	0.163302958	0.191829916	-0.340188533	-0.046115976	0.066253701	-0.032607416	0.196343223	0.100790322	0.082974197	0.269692223	-0.019639354	-0.045889734	-0.268593323	-0.434772503	-1.17573851	-0.171910295	0.134125566	-0.49013003	-0.447259252	-0.174714177	0.066957468	-0.113257566	-0.197600138	-0.378172355	-0.523251862
ID113	1.011746798	1.269594822	1.049869766	1.086798344	0.924788296	0.760691107	1.136632824	1.091966406	1.248636461	1.475406618	1.471448536	0.935297014	1.30102453	1.201809783	1.347766534	1.330419018	1.619420496	1.421910867	1.54767562	1.526973331	1.394734355	1.523220199	0.599823182	1.05619144	1.392967182	1.222049926	0.834609107	1.07233739	1.032664895	1.085675732	1.447476917	1.003312082	0.995405202	1.656777211	0.993344575	1.072619284	1.189314337	1.547838314	1.150345569	1.286939987	1.323723683	1.595489497	1.149601374	1.603948215	1.179199662	1.366390175	1.4256169	1.574917487	1.690014811	1.196332534	1.255041505	1.272776481
ID114	1.992542989	1.956716392	1.977366675	1.949213104	1.974509518	1.974282618	1.986166001	1.958079265	1.957640946	2.0005282	1.991987354	1.993943657	1.973348651	1.983744062	1.985403508	1.971627163	1.999183857	1.909974941	1.94575884	1.963940335	1.930249987	1.984378854	1.970696644	1.978537948	1.950301305	1.979597764	1.997861352	1.990269273	1.959614873	1.987180937	1.994941323	1.980094152	1.867318451	1.977910982	1.957689925	1.95440342	1.964540088	1.977097457	1.980348548	1.905966671	1.967332821	1.873285287	1.989184513	1.995082784	1.982618224	1.959356736	1.989830955	1.991509459	1.995920935	1.999324507	2.002885246	1.93915154
ID116	-0.263190374	0.054270197	0.622858705	-0.128019702	0.161630748	0.438168755	-0.311664099	0.037839621	0.601584426	0.708476027	0.865769252	0.632133658	1.160735868	0.795411005	0.778979311	0.857474704	1.120060386	1.106502327	0.697288796	0.831993169	-0.427952136	0.162029183	-1.429945478	-1.72924655	0.224581076	-0.723062473	0.539453872	-0.153848327	0.79992871	0.72429394	0.637420036	0.76475431	0.497718388	0.404329914	0.207845791	0.104513773	0.684226177	-0.351107031	0.125932352	-0.689706512	-0.453441368	0.075660156	0.892602983	0.519646285	0.45671489	-0.343058196	0.281738573	1.053097289	1.326321132	0.89689992	0.370889196	-0.413409502
ID117	0.716389055	0.636676209	0.712046544	0.482124151	0.675441812	-0.043412329	1.01493006	0.913414221	0.778517845	0.520914298	0.396128185	0.312253015	-0.229487809	0.153067651	0.462219942	0.01678358	0.700246729	0.454097647	0.652157651	-0.174284835	0.203216187	0.756084206	0.72527308	0.840139573	0.213452261	0.544745021	0.933633143	0.926267082	0.392583112	0.955364852	0.744966251	0.767962085	0.874505923	0.273066941	0.846747219	0.250417979	0.792844126	0.568159506	0.88048429	0.196599225	-0.324399443	0.788050571	0.60901637	0.439004387	-0.04526585	0.198669344	0.778104154	0.790992302	0.184211375	0.824748917	0.779873961	0.259257867
ID118	1.630829966	1.299947004	1.397364667	0.737415045	1.328527856	1.428936261	1.507341973	1.152457141	1.129864755	1.037431405	1.205795739	1.78704035	1.284766715	1.038797313	1.460702514	1.160662179	1.109335525	1.16565193	1.23249197	0.837507137	1.430181962	1.30594639	1.959449378	1.690416162	1.187585396	1.701582751	1.935150725	1.625137908	1.823022832	1.281798304	1.503882712	1.879819376	1.959263794	1.377865154	1.335147956	1.725634094	1.743245269	0.956177757	1.499103793	1.55895553	0.613093154	0.48699688	1.304547278	1.132806713	1.330476856	0.57377294	1.693949351	1.391256461	0.666205132	1.320674533	1.468725692	0.808889971
ID119	1.234038624	1.042367773	1.20030677	1.134529674	1.254082936	0.994222168	1.242312718	1.182886102	1.307151387	1.071520173	1.33512267	0.941476957	0.865513958	0.997242905	1.168891504	1.18313972	1.437934349	1.267783578	1.381662269	1.137382229	1.268972906	1.315589778	1.003835495	0.972058868	1.137483009	0.86004036	1.172593974	1.047205599	0.908841603	1.076152515	0.88713599	1.064491776	0.868167669	1.351637531	1.233470927	1.139730998	1.198738623	0.972620177	1.181518516	1.167189483	1.152977079	1.079944671	1.302051955	1.301640612	0.964020005	1.210219376	1.180898417	1.15729565	1.210183142	1.382638835	1.279201109	1.288658979
ID120	1.921473227	1.933321433	2.011383363	1.858218384	1.907796967	1.778906578	2.055979622	1.964748799	1.901926687	1.895144288	1.919843702	1.970629446	1.926750271	1.583900996	1.867880261	1.890424384	1.842637883	1.855180189	1.801055036	1.743725784	1.99209604	1.822199923	2.035553088	1.779583962	1.815138588	1.468147547	1.92932011	1.685353044	2.065880731	1.568096417	1.645293835	1.972579598	1.674999037	1.847997363	2.062670984	1.858922936	1.976274937	1.928706152	1.700770022	1.727641043	1.834426287	1.206824342	1.739844085	1.747932532	1.641225437	1.430612794	1.866224039	2.038535891	1.892297712	1.878967648	1.916571394	1.74273814
ID64	1.305019912	1.391232749	1.396312275	1.384979118	1.377058635	1.527755214	1.067961017	1.309543853	1.277577917	1.662475801	1.359624441	1.267286336	1.21023104	1.014248574	1.381234792	1.433776055	1.646204944	1.505767649	1.406296496	1.474309602	1.298013928	1.359896518	1.47290911	1.255814845	1.169916896	1.339524966	1.420322637	1.706777328	1.556807813	1.723167611	1.687824736	1.749749414	1.522805877	1.447876358	1.349981418	1.573798879	1.640025543	1.299113368	1.574179014	1.158096358	0.879770525	0.596193187	1.615289705	1.586357355	1.366060158	1.341149311	1.282142326	1.520489574	1.621962832	1.52728267	1.499446517	1.198210326
ID65	0.465897898	0.42136537	0.810245452	0.92976837	0.173420262	0.316825588	0.828536983	0.391450154	0.557739943	0.297180237	0.439511866	0.064894125	0.421712235	-0.187719261	0.633445395	0.452369232	-0.200750233	0.664218204	0.533148049	0.669853177	0.330593188	0.839367005	0.919955795	0.630142265	0.224116949	1.096225491	0.717580649	0.381788158	0.438185843	0.617113938	0.676452158	0.360045874	0.783382261	0.203703115	0.447124922	0.580377677	0.615938883	0.335964269	0.582799718	0.617917241	0.179756164	0.576537155	0.152416082	0.226756133	0.482384857	-0.010447117	1.049298637	0.84634431	0.322431778	0.203004831	0.347189186	0.297359597
ID66	0.250213701	-0.285325021	-0.57163176	-0.382884141	-0.023862198	-0.189725027	0.152229061	-0.187723295	-0.883555392	-0.886693299	-0.565599785	-0.302628275	-0.150216486	0.179858315	-0.35182321	-0.76872209	0.062687426	-0.568737692	-0.4186643	-0.869392251	-0.682535816	0.067211167	-0.29533924	-0.948592194	0.203309975	-0.522134091	0.145588148	0.466980458	-0.04924125	-0.509100173	0.080724385	-1.155193138	-1.625922189	-1.660439164	0.108325296	-0.389745286	-1.14086939	0.176935323	-1.145887297	-0.555512154	-0.421019299	-0.061556861	-1.428851356	-0.984981657	-0.964738371	0.033397642	0.02487085	0.335979684	0.124640228	0.006701061	-1.23638268	-0.373585925
ID67	0.558296713	0.33311088	0.399646601	0.63278905	0.739954593	0.772591436	0.214103761	0.743727998	0.488763471	-0.144228246	0.234097093	0.243275401	0.689886484	0.754962722	0.585387851	0.365436549	0.362552274	0.529860815	0.45624831	0.105209565	0.35083987	0.377308247	0.500417832	0.526333632	0.399202359	0.376153099	0.538454945	0.328942459	0.463555256	0.35867097	-0.09906729	0.41238057	0.724694791	0.856012014	0.571245619	0.578380275	0.758127204	0.901687306	0.303781536	0.725062815	0.751606252	1.000300397	0.6793631	0.54592805	0.801735422	0.744340193	0.63278905	0.706344277	0.423100431	0.383886516	0.162536896	0.668681686
ID68	1.015374206	1.031050378	1.017547908	1.175729335	1.210491441	1.173787694	0.999638076	1.191815844	0.963645704	0.935350896	1.022516937	1.049587492	1.236646976	1.268754955	0.456030341	0.813378097	0.997339044	0.962405451	1.153767655	0.861097443	1.115387195	1.158106544	-0.181439435	1.477820886	0.879101907	-0.17965989	1.153041043	0.322358232	0.179187334	1.20864958	0.73432886	0.451109719	0.570764353	0.658086423	0.387720578	0.690169815	1.081238026	0.162821398	1.323427586	0.508330495	0.976657817	0.939753821	0.673652365	0.539724027	0.420853841	1.221468027	0.537457171	1.14472668	0.7710246	1.072274676	0.648652301	0.589372476
ID69	0.12336931	0.099687239	0.030448652	0.057843981	-0.376525294	-0.233335782	0.472433167	0.343366054	0.676324595	0.064055308	-0.652059769	-0.833004776	-0.202666962	-0.354668679	-0.177154107	-0.341246133	-0.032742884	-0.232935082	-0.333968322	0.190232784	-0.251530308	-0.085912555	0.123795226	0.064798856	-0.441513064	0.193038271	0.396180866	0.144069601	0.110927854	0.038024463	0.150888183	-0.058768001	0.51799845	-0.459305231	-0.554936246	0.449396326	0.200548167	0.385405971	0.224223525	-0.106449737	0.401374332	0.859643963	0.287703821	-0.037380356	0.767113676	0.499166657	0.454784462	0.17436096	0.061535406	0.02459402	0.259936326	0.242537564
ID87	0.049896118	0.14257611	0.654882142	0.00185287	-0.166551561	-0.219732479	-0.269213902	-0.140435581	0.221916458	-0.237345594	-0.040803867	-0.031373045	-0.304053364	0.189760707	0.738465971	-0.157835737	-0.18505065	-0.45121735	0.064492955	0.148871392	0.462629439	0.049645567	0.199792826	-0.118550633	0.22077353	-0.020600481	-0.060772961	-0.193551289	-0.369382123	0.30251031	-0.051165108	0.03519605	-0.570243898	0.141930595	-0.538822362	-0.157797683	-0.078850796	-0.168862613	0.411229849	-0.443549729	-0.499072304	0.266251744	0.11201394	0.164855797	-0.06973114	-0.554587032	-0.038764981	0.703583326	0.253091647	0.411269154	-0.457051755	0.355538729
ID89	1.313862134	1.524235051	1.34050205	1.459967134	1.473449642	1.236101547	1.775426845	1.610012365	1.324828111	1.682185384	1.635846255	1.371687918	1.41984577	1.492601178	1.595421954	1.637057208	1.32707338	1.533395249	0.966313557	0.603163691	1.110327341	1.476021553	1.484669316	0.984354606	1.457224368	1.577854308	1.87896881	1.159935954	1.602745538	1.276793984	1.421310301	1.628120133	1.693397756	1.608900963	1.151061925	1.284633298	1.461129534	0.795407975	1.201791959	1.391337435	1.436737728	1.044466128	1.011341602	0.860322345	1.276495417	1.176980772	1.22082413	1.399365921	1.412016111	1.444662411	1.167149928	1.32213036
ID7	-0.727378498	-0.682594801	-0.604601776	-0.481681715	-0.981546097	-0.870815177	-0.543488865	-0.644404263	-0.553990914	-1.006132099	-0.990282647	-1.383760236	-0.40455185	-0.684895779	-0.90945635	-0.518849552	-0.71381173	-0.684895779	-0.795826778	-0.854641654	-0.795615795	-1.106511999	-1.507397365	-1.282159704	-0.795306639	-0.937037135	-1.315132583	-1.097679703	-0.586434261	-1.20520196	-0.20771429	-1.206263658	-1.62780975	-1.573479977	-1.03041203	-0.216779187	-1.040406824	-1.342953277	-0.833006087	-0.57328769	-0.877032692	-0.673296472	-0.715046091	-0.704828395	-0.865832022	-0.70172359	-1.13048511	-0.440642751	-0.391707421	-0.749983844	-0.664013041	-0.360714667
ID8	0.426905265	0.377443108	0.440830087	0.437553853	0.395080833	0.376714068	0.486000483	0.443073763	0.285240648	0.236348874	0.275193759	0.218673901	0.138280631	0.471853919	0.405526427	0.566600616	0.208957965	0.475832217	0.517996042	0.407677383	0.329514809	0.584502829	0.696043642	0.397169703	0.376322805	0.5569186	0.264432291	0.380897322	0.256777775	0.42609562	0.192901151	0.558408315	0.336238162	0.201993539	-0.001238219	0.632580091	0.15360906	-0.034318543	0.653710144	0.408436852	0.807475352	0.239103463	0.620281109	0.76719222	0.626546935	-0.007671144	0.567187711	0.590539706	0.449861512	0.564448544	0.674591423	0.737820105
ID9	0.426598221	0.256174667	0.568144649	0.544531113	0.500822185	0.445997132	0.525645769	0.400269282	0.560764573	0.618483747	0.401318553	0.562719976	0.406743833	0.349231959	0.736869875	0.487985541	0.733847313	0.644458378	0.091023394	0.362157767	0.217847989	0.503191964	1.126074982	1.206499587	0.741349552	0.449091335	1.181781217	1.386387647	0.669419186	0.385814066	0.382915243	1.273193266	0.109222355	0.932104653	-0.131156356	0.565813974	0.546745732	-0.407214719	0.533260179	0.483966447	0.158592618	-0.593984694	0.407849764	0.382310194	0.170576697	-0.118922247	0.466272916	0.01800302	-0.628978482	0.418138731	0.361858198	0.194367517
ID10	0.470692521	0.520055176	0.627893496	0.681441671	0.457658422	0.694837329	0.663712904	0.614936413	0.558978613	0.434694868	0.399375788	0.591821848	0.548120686	0.811513361	0.870382563	0.735431251	0.431416442	0.516536348	0.656983765	0.623939238	0.401956577	0.706519216	0.750634557	0.759357089	0.669406705	0.836020453	0.384297616	0.631811861	0.576745594	0.819820403	0.387018381	0.444030468	0.657638756	0.415645302	0.795298654	0.613920466	0.567643465	0.29081666	0.44931415	0.441234337	0.538389343	0.365302873	0.495795172	0.51157681	0.148149157	0.429316246	0.381568253	0.348709639	0.316161354	0.795889117	0.524227366	0.567653255
ID11	-0.669019152	-0.841663093	-1.101300404	-1.066597706	-0.37492694	-0.887782038	-0.941658969	-0.765929165	-1.063873297	-1.032197054	-0.530460498	-0.032397256	-0.762843302	-0.452723168	-0.356734507	-0.536080958	-0.749682237	-0.71460104	-0.426689745	-0.441294639	-0.9823926	-0.027910972	-0.124530868	-0.002262448	-0.660366048	-0.077003162	-0.408763345	-0.091959964	-0.000775622	-0.602542297	-0.713688031	-0.197224677	-0.747838943	-0.59993985	-0.4901579	-0.917881951	-1.064263942	-0.458727443	-1.53808253	-0.755726793	-1.047530972	-0.796394569	-0.565443801	-0.441154464	-0.708604916	-1.134486695	-0.844748956	-0.365009706	-0.444632971	-0.715582966	-0.61995053	-0.651331395
ID12	0.834174059	0.893317115	0.70612164	1.066810664	0.933008467	0.206443455	1.029534545	0.37640097	0.769171412	0.765740806	0.863189253	0.635498073	0.795602662	0.590151374	0.828992408	0.797832359	0.757040254	0.354369713	0.98194372	0.568420353	0.780974379	1.243507286	1.199337242	1.318156115	0.783723757	1.442300046	0.370207539	1.439551322	1.274279334	1.329489778	1.328311309	0.822562504	0.589689409	0.993038924	0.927555405	0.331689848	0.790274888	0.468073555	0.99949744	-0.242549921	0.283327661	0.579253082	0.674921947	0.76395775	0.409244656	0.484209274	0.956051715	0.873091539	0.894381205	0.876260072	0.899665594	1.395183356
ID13	0.056466164	-0.387948611	-0.369465206	-0.551136743	-0.056286721	-0.24832358	0.147833262	-0.837480443	-0.118689722	-0.153233696	-0.267914189	0.312808682	0.196128558	-0.166284497	-0.317070085	-0.418414323	-0.870962113	-0.440985554	-0.84658646	-0.169772397	-0.524009454	0.61751955	0.030923618	0.207286977	0.238354275	0.379468781	0.073431319	0.565498857	-0.304864069	0.469239202	0.102438223	0.36717589	0.937590194	0.509696076	0.133393199	-0.232991438	-0.137444098	0.974168072	-0.140769466	-0.212957596	0.139998335	0.470395428	-0.046183853	0.793382787	1.154440755	0.289294489	1.011156122	-0.241261138	0.042677888	-0.304405698	0.488288081	0.354127274
ID14	-0.75442447	-0.180567857	-1.016711055	-0.750855668	-0.433435256	-0.329360856	0.103683928	-1.201582501	-0.17328671	-0.558129825	-0.927461836	0.04966585	-0.575343285	-0.386383718	-0.237920296	-0.405390948	-0.688043138	-0.930451762	-0.446835747	-0.452815598	-0.269059532	-0.567818393	-0.561876436	-0.710886273	-0.966518314	-0.008383744	-0.178136732	-0.436425182	-0.099127915	-0.407590102	-0.743775456	-0.368846691	-0.231330565	-0.667239281	-0.391916724	-0.263442019	-0.083484895	-0.748444618	-0.573374797	-0.490672223	-0.762883435	-1.399637468	-0.683912976	-0.599988784	-0.940330145	-0.930577384	-0.961709033	-0.283344366	-1.033420367	-1.016712761	-0.972776995	-0.43044533
ID15	-0.922099251	-0.955112824	-0.998578518	-1.004489605	-0.806121951	-0.504007717	-0.739175161	-0.959887812	-0.224517399	-0.722526896	-1.054480276	-0.824263001	-0.615158169	-0.516323318	-0.741392387	-1.17521094	-0.781474511	-1.361421358	-0.915604283	-0.927426456	-0.173666494	-0.067959883	-0.265446087	-0.487387914	-0.937466109	0.279973476	-0.118473578	-0.012692488	-0.236989348	-0.386388804	-0.654118761	-0.60403741	-0.143364119	-0.335427933	-1.049234951	-0.696289316	-0.17065886	-1.512337069	0.198472463	-0.464642163	-0.316503328	0.07332369	-0.528061107	-0.284695159	0.051934361	-0.141445502	0.085972652	-0.208625179	-0.483633489	-1.792410872	-1.623841793	0.355125173
ID16	-0.38811396	0.027378521	-0.277807434	0.092516098	0.070614256	0.040348326	0.228872738	-0.827446654	-0.475231181	-0.341370557	-0.068075407	-0.215626572	-0.307257812	-0.054172584	0.062665655	0.103033325	-0.418980512	-0.092376937	-0.269534908	-0.174332753	-0.418914601	0.399318172	-0.124103231	-0.102150971	-0.720575745	-0.151049642	0.214583758	-0.215725438	-0.321533192	-0.19345873	-0.128842418	-0.364262018	0.031462132	-0.230778247	-0.917428813	-0.24590684	-0.299165805	-1.186402686	0.216584288	-0.298912495	-0.218491764	-0.253612864	-0.440538245	0.132324845	-0.299106966	-0.463089831	-0.692813737	-0.049957769	-0.163950771	-0.670534121	-0.333848932	-0.391750786
ID17	-0.956323631	-0.652213974	-0.434158213	-0.349073176	-0.640959793	-0.222095679	-0.387702579	-0.734474881	-0.648064411	-0.831384894	-0.407427436	-0.37324413	-0.170943156	-0.275288209	-0.785702433	-0.384947582	-0.675187886	-0.438790341	-0.712911814	-0.706180964	0.093940717	-0.383073902	-0.521888241	-0.490458626	-0.532282116	0.015596915	-0.646951584	0.207128188	-0.267937409	-0.548527524	-0.234735999	-0.519277628	-0.208257678	0.036028064	0.000582996	-0.42300729	-0.271148061	0.077020162	-0.592325456	-0.217954665	-0.824668991	-0.230543996	-0.558741816	-0.650047447	-0.617354091	-0.293723247	-0.606197686	-0.424737755	-0.667007979	-0.703326305	-0.666762729	0.054244052
ID19	-0.510580482	-0.310340689	-0.770087847	-0.851678441	-0.520685222	-0.594344025	-0.298836473	-1.006587081	-0.629106131	-0.058826699	0.046014268	-0.003267061	-0.754044868	-0.399500567	-0.20916812	-0.081262333	-0.634817673	-0.439372079	-0.328438911	-0.313834948	-0.538288718	-0.874736459	-0.506974689	-0.792960999	-0.748952704	-0.556045723	0.276984581	-1.091986198	-0.097241029	-1.233001456	-0.637989053	0.017855928	-1.298836473	-1.666743272	-0.508312754	-0.448872665	-0.741675185	-1.409987673	-0.661653354	0.336464342	-0.223035872	-1.98688531	-0.526989273	-1.190211746	-2.188138924	-0.791612023	-1.696776481	-0.154778579	-1.526670635	-0.559533613	-1.476867262	-0.921355523
ID20	-0.236177834	-0.336837713	0.040580629	0.244436523	0.276839609	0.182329528	0.47235942	0.043023724	0.504548822	-1.94374801	-0.86020354	-1.169801568	-0.301040676	0.012631827	0.190086652	0.11652005	-0.142203784	0.220544798	-0.211898976	0.145622432	0.017267575	0.791113058	-0.419092582	-1.175449763	-0.55996146	-1.286172272	-0.468034134	-0.741673288	-1.251719471	-0.713730965	-0.051804297	-0.600975262	-1.208881817	-0.988326338	-0.994722756	-0.240066296	-1.071264988	-1.205697756	-0.837871004	0.292535183	-0.215004413	-0.184197153	-0.415036575	-0.817942996	-1.983849006	-0.320612828	-1.30579183	-0.376499792	-0.497652818	-0.152329311	-0.704707827	-1.149751069
ID21	-0.366393822	0.066125327	0.290521266	-0.303341522	0.069044383	0.102396538	0.130314039	-0.021898133	0.145148518	-0.021898133	0.238171561	0.579460218	-0.430582534	-0.039149064	0.457142179	0.238512333	-0.102685195	0.018842883	0.090948911	0.337266487	-0.050132375	-0.043435533	0.838483668	0.836955447	0.662727009	0.767321816	0.993781616	0.77860208	0.432796659	0.655752317	1.04386449	0.267505246	-0.194197052	-0.320502688	0.57219057	0.23416302	-0.52115706	-0.185553795	-0.301104015	0.219189123	0.105989928	-0.155484505	-0.482952623	-0.72380096	-0.472795506	0.456281664	-1.148439562	0.119873995	-0.119535549	-0.244453214	-1.041554178	-0.210081085
ID22	1.944082937	1.90175924	1.914237067	1.890354455	1.92028436	1.97400924	1.898277949	1.964834938	1.94558949	1.954582876	1.947393167	1.928262431	1.951804047	1.964237866	1.912039286	1.915062799	1.92345229	1.952568854	1.891412541	1.930823346	1.955286117	1.839574657	1.87439866	1.854180335	1.914853547	1.777246355	1.934790813	1.833799509	1.72479351	1.709724249	1.831537216	1.952940041	1.935411713	1.905884436	1.90041856	1.981699835	1.959763637	1.940320364	1.923187159	2.00052343	1.991051866	1.937867584	1.969146363	1.948051227	1.972261267	1.934098153	1.917945665	1.939857846	1.933718593	1.936273411	1.910260647	1.869948917
ID23	-0.699049899	-0.676205157	-1.565506859	-0.991698612	-0.88903627	-1.342279555	-0.451786527	-1.388260066	-0.999856874	-0.450407973	-0.636939582	-0.163022457	-1.19615152	-0.92975943	-0.665316136	-0.690891637	-1.197712661	-0.826218838	-0.752593503	-0.82559021	-1.000971976	-1.495704065	-0.969204962	-1.623805518	-1.523032682	-1.198381722	-0.078239527	-1.5659529	-0.403477477	-1.754810001	-1.325228745	-0.358025527	-1.56572988	-1.869213098	-1.145346142	-1.215911856	-1.201364677	-2.041026539	-1.226686112	-0.923051351	-1.020630425	-2.168681952	-0.925058534	-1.646654855	-1.739996544	-1.473726313	-1.866759875	-0.628265923	-1.460511047	-1.026428952	-1.873856091	-1.3894156
ID24	-0.907703171	-0.680896841	-0.437858792	-0.12444435	-0.29860111	-0.30780846	0.206548869	-0.47404761	-0.066215652	-1.451771215	-1.164219942	-0.642128764	-0.723792971	-0.562009961	-0.468746521	-0.335203124	-0.708457758	-0.166558753	-0.694685125	-0.559217936	-0.557135391	0.173862018	-1.243944649	-0.966369422	-0.959893201	-1.817432456	-0.810733147	-0.930829006	-0.618593668	-1.225159073	-0.070472672	-0.813306641	-1.173662373	-1.560312213	-0.864584839	-1.435484654	-1.352231695	-1.555721353	-1.000849831	-0.822406941	-1.153230389	-1.010181237	-1.078923713	-0.625176458	-1.555721353	-0.998114575	-2.173662373	-0.718680503	-1.047763536	-0.609386044	-1.060343514	-1.708925564
ID25	-0.605882651	-0.294566551	-0.677783303	-0.544434169	-0.317190388	-0.683928976	-0.317190388	-0.958065169	-0.568535557	-0.590088384	-0.599825003	-0.009500091	-0.869565553	-0.50598441	-0.267418142	-0.30877999	-0.756335109	-0.409074397	-0.309806518	-0.106675299	-0.623393584	-0.860115567	-0.600432838	-1.349238166	-0.942785106	-0.731103917	0.374087001	-0.895045715	0.051188334	1.395618704	-0.654663803	-0.275250863	-1.146494161	-1.178918526	-0.44545804	-1.096991564	-0.975780432	-1.355097205	-0.669256748	-0.571423304	-0.613138902	-1.413882567	-0.641857764	-0.965258342	-1.355097205	-1.086404155	-1.146494161	-0.277940231	-0.891990747	-0.57055983	-1.115591324	-0.80272204
ID26	-0.821359379	-0.84026851	-0.863749606	-0.413730441	0.257097284	0.410302295	-0.449202759	-0.395390646	-0.458929425	-0.309476018	-0.383228085	-0.297199669	-0.87707282	-0.425015132	0.052754434	-0.237088398	-0.429911822	-0.862627846	-0.420052107	-0.383216434	-0.779320881	-0.160395905	0.266871789	-0.03903995	-0.963173595	-0.19677131	-0.17530202	-0.317399149	-0.099492558	-0.352403101	-0.299508778	-0.059905065	-1.422330613	-0.614885267	-0.944139105	-0.79988818	-1.3186562	-0.481010265	-0.408962232	-0.479834934	-0.40601452	-0.310870706	-0.599472962	-0.192077021	-0.288528589	-0.284937027	-0.191881692	-0.91160989	-0.718927709	-0.327622672	-0.212606892	-0.613872133
ID28	-0.292401236	-0.913629246	-0.257884395	-0.715879477	-0.085790762	-0.394445693	-0.520902874	-0.367034854	-0.432234254	-0.894461227	-0.339926702	-0.372221026	-0.850377649	-0.380053128	-0.609350744	-0.560150161	-0.946473216	-0.817665841	-0.493412842	-0.453255927	-0.744322604	-0.366361806	-0.347271221	-0.638245404	-0.721814832	-0.817047957	-0.550633103	-0.185018445	-0.802583264	-0.071843799	-0.520103402	-0.482849227	-0.452638042	-1.421646215	-1.070266664	-0.514655755	-1.067781539	-0.810251222	-0.484912943	-0.429182342	-0.489027944	-1.019381012	-0.536200947	-0.704743962	-0.70958106	-0.355335851	-0.850578051	-0.464966526	-0.587696762	0.12207776	0.048818212	-0.48481267
ID30	0.685895175	0.561071748	0.143849754	0.898620835	0.437941714	0.565527575	0.728079741	0.733547532	0.663314065	0.60439592	0.769191479	0.76709402	0.610296909	0.902290839	0.729354269	0.311422507	0.789980923	0.855803178	0.876638058	0.60524413	0.671719288	0.78546923	0.838085564	0.92056707	0.61303061	0.793515832	0.771800834	0.616012314	0.006694027	0.517311495	0.040203258	0.722512225	0.706166014	0.759909515	0.853752276	0.645330791	0.105326143	0.716610542	0.717628047	0.707072993	0.80429379	0.647021646	0.496960976	0.311377847	0.76732968	0.535606961	0.671464323	1.138053565	0.684868016	0.897342657	0.755295353	0.898741883
ID31	0.324045527	0.066889512	0.049687482	0.229390504	0.019992063	0.084056723	0.357234232	0.259273476	0.110385662	0.086208672	0.187762965	0.294938388	0.375943339	0.622386572	0.31247654	0.337109786	0.138038429	0.321356576	0.30447229	0.09177994	0.021030252	0.166853645	0.284591195	0.683901768	0.256793638	0.253638744	0.33133852	0.730454043	0.390858682	0.064099078	-0.00197554	0.2761799	0.243724957	0.310324591	0.532687379	0.181376065	-0.191833773	-0.201396454	0.221643645	-0.142757429	0.133694179	0.114030053	0.166260558	0.216850088	-0.067857546	-0.125600885	0.005594243	0.005327485	0.192951377	0.448477156	0.275616594	0.164641998
ID32	-0.832805715	-1.106575221	-0.997430752	-0.673058504	-0.732644194	-0.538084633	-0.309880601	-0.248474491	-0.15862803	-0.617961867	-0.351253175	-0.628499546	-0.344264607	-0.262158892	-0.503534265	-0.266942793	-0.430033127	-0.559614427	-0.747553278	-0.455999029	-0.413102279	-0.518246987	-0.543368507	-0.563801958	-0.521008102	-0.87112641	-0.494850251	-0.57657296	-0.678882671	-0.521164237	-0.668231051	-0.362665705	-0.412864762	-0.912620248	-0.97240409	-0.7620431	-0.714714566	-1.906876021	-0.587581617	-0.627345088	-0.345334687	-0.517410836	-0.52729826	-0.386302304	-0.730784761	-0.983880978	-0.406790614	-0.391373338	-0.013684781	-0.148800848	-0.258159989	0.01913835
ID34	1.610741045	1.527242942	1.832808691	1.499007612	1.688197044	1.828157412	1.780530486	1.80047126	1.792874985	1.516153946	1.430255936	1.823610191	1.563918147	1.596773841	1.785594383	1.550508773	1.638527501	1.273491401	1.537382573	1.708116626	1.634619309	1.84449068	2.036401798	1.814462068	1.815430626	2.040998809	1.935956317	1.962368885	1.897472239	1.972387866	1.838800747	1.867448906	1.899691383	1.817038122	1.665226682	1.925593413	1.698364364	1.821597293	1.739377553	1.830876063	1.838083638	1.848486042	1.52864738	1.845177301	1.904086604	1.764911861	1.911845048	1.405807407	1.210844515	1.466611796	1.604831547	1.509459891
ID35	1.708223776	1.726145275	1.524529669	1.734517484	1.647781261	1.565753886	1.604914011	1.588535946	1.594016823	1.744270543	1.760964276	1.537069423	1.72868817	1.708268516	1.574231379	1.7168487	1.690963747	1.792485087	1.723338935	1.636370563	1.692608975	1.427389261	1.235883091	1.448463665	1.412048067	1.163010608	1.396990923	1.303855623	1.288729469	1.361161729	1.398829038	1.531950187	1.433312734	1.545385882	1.712566798	1.436850373	1.714214985	1.572775119	1.599587632	1.353810239	1.348305424	1.504166718	1.822145179	1.54785527	1.469280822	1.589183333	1.409358801	1.876367894	1.875720523	1.8448288	1.686452307	1.732056547
ID36	1.358844017	1.055412124	0.765302782	0.857172586	0.532142314	0.379534059	0.949387478	0.844133758	1.040510356	0.816456031	0.862193385	0.877606752	1.443651559	1.057595321	0.614803673	0.96305195	1.159292542	1.002126051	1.260875055	0.939993231	1.113223497	0.810672487	0.210761457	0.842886318	1.091215739	0.537496121	0.48980091	0.632420794	1.250593661	0.334624578	0.330979917	0.836654656	1.05274493	1.131920124	1.050662284	0.875169422	1.183199434	1.166351853	0.928217849	0.663943033	1.134353303	1.183673979	0.934109412	1.007684806	1.035633892	1.095989838	0.954269353	1.136329846	1.277034872	1.19503771	1.077190449	1.300537414
ID37	1.871819243	1.947093362	1.980837192	1.972718799	1.996098743	2.009993727	1.961033041	1.983089418	1.957548075	1.98213071	1.979676731	1.960681317	1.832778226	1.946852961	1.99694481	1.953476042	1.927497613	1.957356363	1.891275428	1.946372936	1.944541476	1.985876291	2.04106256	1.979469962	1.937130434	2.010524365	2.021713318	1.99243724	1.893759457	2.02902514	2.01843511	1.988990893	1.944433779	1.931870069	1.944051903	1.987288828	1.915338648	1.927826744	1.963283786	1.986842065	1.925426833	1.915079535	1.963177941	1.962052375	1.955110246	1.938680563	1.958558422	1.916363322	1.867750084	1.895827198	1.941632129	1.88192283
ID39	-0.087377151	-0.114967954	-0.108485826	0.060370638	-0.29181188	-0.229948349	0.092085052	-0.223596898	0.020169265	-0.564498406	-0.271004629	-0.21196086	-0.300755559	0.004820068	-0.228270431	0.205563185	-0.005280104	-0.206033297	0.051215017	0.03340222	-0.279175502	-0.315275669	-0.293740399	-0.435914229	-0.439308129	-0.726297446	0.271913502	-0.462917497	0.40928199	0.144593029	0.569584849	-0.206720242	-0.981022047	-0.677040162	-0.451064487	-0.252076883	-0.0663976	-0.923823999	-0.221471978	-1.183113301	-0.807561386	-1.050103121	-0.198176475	-0.412642235	-0.943129154	-0.950294685	-1.032174569	-0.589533352	-0.420712006	-0.147675616	-0.43636209	-0.213513729
ID40	0.233080385	0.21524641	0.266398933	0.459982314	0.383297572	0.539946044	0.491547511	0.272264644	0.648680511	0.268844985	0.216646245	0.080048724	0.19530474	0.06323275	0.259745029	0.324433093	0.198964542	0.06323275	0.385645655	0.069422923	0.264042294	0.272658466	0.659092276	0.400583054	0.233376005	0.045250107	0.02863466	0.067056189	0.232355667	0.029456672	-0.049944861	0.254585528	0.52097313	0.14478089	-0.015055601	0.309550191	0.4512237	-0.168086363	0.392686304	0.273897917	0.011327248	0.285302921	0.305153207	0.288247739	0.19446167	-0.145062067	0.364514343	0.577484441	0.389481445	0.383362302	0.385946717	0.414461468
ID41	0.360436712	0.299651468	0.329322139	0.480261147	0.419563307	0.776186081	0.907679946	0.509509129	0.760889606	0.453190765	0.19877858	0.293638669	0.472776384	0.484006505	1.120744141	0.566100265	0.461139266	0.487223516	0.492944758	0.375409497	0.223609088	0.517331307	0.760029379	0.768243942	0.420546616	0.283099466	0.358541419	0.805534189	0.532581224	0.428628649	0.338726399	0.426877307	0.536068876	0.453594211	0.199830557	0.434203882	0.41802307	-0.186838694	0.601784082	0.555957019	0.360558711	0.13810948	0.363204027	0.318347523	0.299827879	0.133292621	0.642079688	0.248950274	0.299890087	0.637057959	0.393623512	0.397437959
ID42	0.699608346	0.623210926	0.601060798	0.540933603	0.421747195	0.756469356	0.841963599	0.508731166	0.54069845	0.969570456	0.555549629	0.698660818	0.764380221	0.728447736	0.810898874	0.733986407	0.929324308	0.653761815	0.832893768	0.642143348	0.566423683	0.361018569	0.197447315	0.62097916	0.338781002	0.127913737	0.383464794	0.288431623	0.261706906	0.200006172	0.155451143	0.419976405	0.53996743	0.492914867	0.403270453	0.758752882	0.826680266	0.097107425	0.725691393	0.638474161	0.753550576	0.536239075	0.6127524	0.768674971	0.44316439	0.607340762	0.50472143	0.448928587	0.666772657	0.777885148	0.566831781	0.547375939
ID43	0.22407654	0.05606505	-0.387632449	0.47563636	-0.250275272	0.407438826	0.448694732	-0.019945189	0.333700912	0.263499632	0.22634301	0.431518223	0.419020698	0.26274365	0.982666002	0.051910439	0.456348341	0.356780701	0.565267572	0.22008559	0.240460003	-0.001754983	0.534608085	0.586290911	0.140508137	0.162305102	0.387397315	0.045444397	-0.520757162	-0.181108337	-0.363889636	0.421915027	0.297499433	0.334763815	0.30041718	-0.038795389	-0.083459915	0.279471003	0.367297398	0.494447253	0.613661194	0.166233985	-0.130458061	-0.36215139	0.48580114	0.310504501	0.096077702	0.63605029	0.288651581	0.086957922	0.022284139	0.247795443
ID44	0.687572588	0.494757949	0.616439091	0.476170889	0.389436505	0.650733091	0.797914505	0.503048161	0.698281489	0.957444601	0.400494643	0.675277063	0.639829728	0.694902371	0.673942663	0.594449701	1.015392432	0.697391171	0.760779904	0.560409214	0.532533803	0.245725768	0.25035854	0.344376916	0.184415135	0.296860725	0.50229287	0.02663299	0.450666578	-0.083651259	0.112576964	0.496938917	0.430135982	0.502238284	0.21167803	0.322309865	0.427166591	0.126537637	0.801051584	0.347050867	0.757762635	0.322805688	0.750704333	0.209472941	0.3256942	0.575458811	0.320197918	0.461386949	0.725844858	0.432025715	0.521920551	0.321607083
ID45	-0.197824441	-0.253365999	0.129620297	0.023413669	0.009055519	0.425636937	0.331448566	0.214756094	0.106508719	0.46896088	-0.199733228	-0.049033929	-0.051484318	-0.095653348	0.285071947	-0.079931796	0.534444205	0.133933592	0.409391833	0.207454319	0.013134021	0.054773656	-0.572375936	-0.642589864	0.051509219	-0.076348319	0.268932353	-0.22160549	-0.250710176	-0.349699439	-0.139772847	0.203067944	-0.021168464	0.045118948	-0.495189304	0.019805469	0.189226531	0.16432757	0.27976206	0.095503338	0.472413926	-0.037956015	0.498647822	0.029655257	0.064711664	0.331963155	0.269968291	0.1856773	0.21254469	0.559782176	0.468846191	0.329919992
ID46	-0.072266286	-0.323494765	-1.252913691	0.065186927	-0.095664365	-0.233773435	0.114035495	-1.207928888	-0.338508786	-0.332867625	-0.379695549	-0.044675032	-1.027718953	-0.337070822	-0.546788639	-0.085059785	-0.47931328	-0.823146919	-0.457033674	-0.687119776	-0.660132163	0.040925457	-0.08033535	-0.082918736	-0.778095187	0.01824446	0.026180621	-0.60793853	0.078374758	-1.037659461	-0.257572031	-0.185017172	-0.580338758	-1.001307811	-0.11432262	-0.371450603	-0.421091327	-0.192512951	-0.413795074	-0.869513261	-0.735741254	-1.398445809	-0.676132427	-0.36250037	-0.936450101	-0.773611979	-0.817699673	-0.035446192	-0.461335302	-0.710201274	-0.651228146	-0.242189826
ID47	-0.560900328	-0.337053104	-0.603320993	-0.602913201	-0.198342614	-0.913490638	-0.327690469	-0.339051578	-1.038429375	-0.435961591	-0.256200206	-0.571544102	-0.135339388	-0.02676508	-0.651265212	-0.103664905	-0.065538055	0.000818442	-0.541173086	-0.239327507	0.318997243	-0.528574428	-0.388557939	-0.512181962	-0.613401038	0.224923791	-0.858301384	-0.000445418	-0.274498133	-0.498885249	-0.357052115	-0.271946947	-0.716856554	-0.350643008	-0.016822859	-0.452404713	-0.409130704	-0.385624653	-0.551591898	-0.276969805	-0.679846747	-0.344157524	-0.677399996	-1.111493743	-0.862745907	-0.49040119	-0.938705303	-0.483341527	-0.622096149	-0.572334146	-0.800676744	-0.355536509
ID48	-0.719328362	-0.536330411	-0.252791148	0.011423184	-0.063210434	0.055137337	-0.380034697	-0.436027134	-0.120953922	-0.56096587	-0.70388717	-0.628437865	-0.944862663	-0.548933943	-0.133703393	-0.036860898	-0.262646152	-0.467629004	-0.224019405	-0.455530392	-0.611164473	-0.369265122	-0.278740419	-0.384628584	0.018965991	-0.970155059	-0.668585977	-1.02956166	-0.354920296	0.102393768	-0.783420216	-0.67460312	-0.998485104	-0.624729364	-0.92525583	-0.307233205	-0.57162781	-0.593160556	-0.234630656	-0.570899096	-0.666297774	-0.921594993	-0.557034292	-0.20833816	-0.762911637	-0.651135092	-0.908308474	-0.875188993	-0.64461225	-0.348624697	0.027103943	-0.969985972
ID49	-0.858227819	-0.988685141	-1.034442631	0.100866305	-1.303967411	-1.065824294	-1.002937416	-1.080076569	-0.511537084	-0.667896121	-0.06221901	-0.316421469	-1.667884285	-0.903840558	-1.113266878	-0.903246339	-1.09864343	-1.260387882	-1.113623877	-1.4151297	-1.313176929	-0.708206312	-0.902108341	-1.055356012	-1.522957603	-0.563252422	-0.670488771	-1.473121647	-1.030985186	-1.463900634	-1.858394693	-0.749259915	-1.70190742	-1.761772434	-0.67587422	-1.34274342	-0.923166474	-1.43178326	-0.928308774	-0.700305745	-1.271336347	-0.869614818	-0.775640146	-0.595361674	-0.829723269	-0.974064789	-1.303967411	-0.887280537	-1.149032488	-1.465804243	-0.787030419	-0.812593882
ID50	0.663547115	0.277534982	0.110346118	-0.079642462	-0.824369957	-0.727459637	0.145666819	0.027156293	0.226782872	-0.481934168	-0.549130922	-0.123178074	-0.681702147	-0.039378104	-0.845559764	0.027716005	0.210386296	-0.016363741	-0.154471705	-0.647301868	-0.108701411	-0.526158198	-0.997057514	-0.120745508	-0.469855592	0.080957793	-0.518536241	-0.569889645	-0.652312375	-0.494990207	-0.760990269	0.373670133	0.038732505	0.404815142	-0.385976216	-0.452505264	0.223508804	-0.105253376	-0.050958045	0.39010195	0.208526632	-0.008323912	-0.28990776	-0.025446365	0.046925726	-0.166786365	0.183598972	-0.532296667	-0.057610948	0.653015396	-0.038516922	0.714290253
ID53	1.973660767	1.974848952	1.816440687	1.910613129	1.999746564	1.966416633	1.83384129	2.001450487	1.954721466	1.867672443	1.774975105	1.852814068	1.867925527	1.698798812	1.730744878	1.660987367	1.688529807	1.626549695	1.70444049	1.916618053	1.988513165	1.883947144	1.924553876	1.947096264	1.725203144	1.935078258	2.019213847	1.951132219	1.958527016	1.888962778	1.965968756	1.936148414	1.981767649	1.938330135	1.948266641	1.976794316	1.987903685	1.984281753	1.912600985	1.727246023	1.848372901	1.708824139	1.792876523	1.845857615	1.780795893	1.847479761	1.896243812	1.803892528	1.745778285	1.812891321	1.83847166	1.742826441
ID54	1.939602821	1.90921066	1.969134557	1.96707638	1.974105577	2.010729426	1.936679079	1.50336561	2.023109204	2.049368154	2.09065408	1.996987345	1.814285256	1.913057453	2.019269707	1.994191601	1.864159542	2.018609722	1.970132935	2.025622361	1.867934784	1.965439237	1.830195163	1.955927057	1.616082371	2.017931908	1.834877646	1.826644116	1.929000967	1.95838391	2.026048526	1.938115829	1.810290276	1.950328316	1.785120785	1.981015682	2.04589074	1.82695758	2.154363358	1.957946133	1.993309054	1.933412679	2.000079333	1.876963273	2.012973017	2.00874913	1.950043041	1.813365939	1.99712772	1.569898921	2.116451191	1.906332621
ID55	1.120578019	1.276050974	0.942695313	1.04224693	0.915264451	0.823468047	1.184424812	1.514078863	0.730285907	0.506880447	0.374734425	0.512529742	1.316276587	1.118240556	0.622474517	0.725569868	1.20594104	0.818348948	0.914139853	0.090802148	1.227593857	1.022283617	0.969336546	1.096707506	1.48965492	0.877039226	1.224026092	1.473007094	0.98635181	0.991620034	0.827329617	0.749588453	1.490931481	1.154340205	1.465801755	0.762307067	0.729498743	1.171754641	0.427115599	1.034748529	0.860017119	1.333133133	0.806801986	1.149950808	0.83481209	0.958452991	1.120407507	1.234219911	0.828535431	1.353178881	0.541901692	1.094427226
ID56	1.047753021	1.054951754	1.460252862	1.275892606	0.899971351	1.083530221	1.26546583	0.839772618	1.141145489	1.402522875	1.527120555	1.408036342	1.400158847	1.598733764	1.535326709	1.61089249	1.614099451	1.645001151	1.58139518	1.267331575	0.957107803	1.337950265	1.244899056	1.138431361	1.295114954	1.22112821	0.858556824	1.22781538	1.099106982	1.388582977	1.068898992	1.157058402	1.018841245	1.203912215	1.132559405	0.854378229	0.957315595	0.975627963	1.207853005	1.541621567	1.385430059	1.569468	1.456568509	1.425344801	1.540572942	1.385945099	1.321586692	1.41241056	1.645654181	1.399759308	1.402995556	1.548718667
ID57	0.669908862	1.058943843	1.15711524	0.913048294	0.909218819	0.928746691	1.120448593	1.464016339	0.871255162	1.502517815	1.054309101	0.726000471	1.390297842	0.824150721	0.780062823	1.152683783	0.918663122	1.037032392	1.377550993	1.122077015	1.326238317	0.964091351	0.998553565	1.059095004	1.445646459	1.301829475	0.824518787	0.687340073	1.19159998	0.937766637	0.50348448	0.827351485	1.450781986	1.241957138	1.112767754	1.226889779	1.042981524	1.584505162	0.926698714	1.085064394	1.411902886	1.614598627	1.285108095	1.32939062	1.504734789	1.534757738	1.412792409	1.267515543	1.512967766	1.2589448	1.266849901	1.578016302
ID58	2.103081264	2.072592893	2.048233547	2.097520469	2.102031358	2.065928197	2.064016095	1.854824978	2.07346386	1.814599976	2.079869456	2.114052513	1.909648559	2.134077963	2.17698698	2.057189165	2.09366821	2.088543818	1.960278377	2.065514553	1.956806715	2.113652014	2.165400829	2.145845532	1.83223773	1.975593541	2.258953727	2.133559433	1.998427739	2.021430058	2.30455348	2.057311822	1.890366985	2.051406511	2.090600154	2.04305198	2.126745262	1.690554202	2.095588629	2.106360366	1.775149648	1.616874002	1.945272459	1.901396769	1.766559606	1.487146547	1.900793762	1.804158058	1.83897843	1.825575329	1.834799913	1.730170212
ID1	1.896822023	1.800570686	1.913484904	1.848986321	1.866595267	1.849951056	1.866595267	1.875935743	1.86262768	1.82831087	1.87313205	1.836085758	1.754417087	1.875901718	1.825966256	1.712273223	1.903318721	1.774381791	1.67785341	1.872732659	1.87641602	1.798153013	1.758557607	1.857237771	1.841355167	1.816072703	1.820001475	1.774969135	1.771403672	1.722894556	1.778477073	1.867181869	1.818595011	1.880362745	1.77779882	1.846763557	1.859110936	1.679555072	1.828270088	1.867793294	1.880006907	1.933128741	1.790469061	1.779838154	1.851403365	1.87317752	1.917044167	1.874614182	1.913268154	1.795074227	1.812470212	1.888570397
ID2	1.663428497	1.708776142	1.698034593	1.663823862	1.674604775	1.592799948	1.542250762	1.365886829	1.569376432	1.75963747	1.718711847	1.603582389	1.723402356	1.325371142	1.638347861	1.522784585	1.72662916	1.441242859	1.651390047	1.629659322	1.58373077	1.633655428	1.754190945	1.588088498	1.566477	1.605060359	1.72129924	1.699946855	1.658640573	1.618381229	1.631913998	1.613741245	1.617806392	1.591369054	1.459378662	1.663454192	1.711586937	1.669581418	1.626481395	1.700120982	1.774057505	1.647774938	1.606733114	1.617635628	1.754980404	1.585820002	1.683637221	1.539254568	1.636932008	1.505035016	1.600054613	1.581473249
ID3	-0.051677403	0.033817287	-0.015169173	-0.050736687	-0.094445615	-0.020324513	-0.069622031	-0.078006341	0.094442927	0.140208124	-0.641920067	-0.008639868	-0.059577813	-0.248583443	-0.001845659	-0.119236237	0.180821368	0.046642977	-0.492290428	-0.245064011	-0.308243545	0.44353415	-0.19573925	-0.145309042	-0.456137183	-0.23822773	-0.239331616	0.212644203	0.58976809	-0.377105046	-0.371108346	-0.058537291	-0.089366089	0.18761433	-0.977965504	-0.117419274	0.176257828	-0.861582387	0.3747782	0.160031844	-0.063676055	0.158190765	-0.270342974	0.125539232	-0.232084147	-0.00764141	0.369710663	-0.087029602	0.043843414	-0.348831412	-0.093547328	0.387498482
ID4	1.588864588	1.559861243	1.50267429	1.644205508	1.556536152	1.552358269	1.592176508	1.836225731	1.56147423	1.519069955	1.42658061	1.609287959	1.529388667	1.683998891	1.545931873	1.597152695	1.511206468	1.784811316	1.589824466	1.621321727	1.667818564	1.523754717	1.468945167	1.605187645	1.699192071	1.659424744	1.427741771	1.497618538	1.598297998	1.69944522	1.639856249	1.597721415	1.661373534	1.638611133	1.706468809	1.599629521	1.504410877	1.597340105	1.609296349	1.499344527	1.456095536	1.677463288	1.654849419	1.70259342	1.546040039	1.700595346	1.562213285	1.734912875	1.573463573	1.787498298	1.703065781	1.736891517
ID5	1.388564483	1.13402473	1.463430033	1.124259605	1.47046207	1.657594766	1.778769351	1.333774812	1.661318073	0.999398399	1.621918103	1.568340461	1.315314512	1.930447764	1.700169856	1.815369654	1.306936181	1.555279186	1.478388315	1.50584463	1.500984492	1.437569615	0.885426932	1.609429842	1.355506297	1.517775161	1.127689843	1.380309744	1.039399943	1.338250557	1.448775401	1.575038409	1.357158023	1.600607274	1.580673481	1.11756081	1.468703746	1.387704644	1.393547476	1.355894057	1.092346504	0.928651952	1.396912698	1.21607271	1.021547008	1.525751935	1.177633588	1.464804939	1.399395825	1.329448914	1.601328704	0.843950491
ID90	0.784258603	0.69143419	0.924366946	0.756667704	0.940604496	0.871006635	1.039066751	1.082354165	0.935897589	0.544498264	0.319442815	0.850050573	0.9505865	0.855853059	1.024889053	1.05212126	0.609482112	0.75721872	0.830184291	0.848516965	0.908055463	0.672529348	0.897999858	1.05195537	0.828609343	0.915004514	0.86684844	0.997189893	0.951675628	0.923201762	0.683262519	0.807000163	1.122944705	0.635020092	0.886040379	1.046508605	1.015276761	0.786369056	0.847604531	0.49801995	0.414256486	0.441703269	0.828374634	0.6991492	0.678984752	0.687688661	0.74982828	0.758968237	0.654326444	0.651683276	1.101300558	0.72368921
ID91	0.316053181	-0.063839941	0.033070072	-0.002731419	0.108542994	-0.031607045	-0.388356909	0.26128367	-0.168155803	0.68783574	0.325537763	0.628229489	0.344549619	0.350643414	0.733601763	0.331562	-0.001963413	-0.081278146	-0.111612723	-0.362217172	0.368505753	0.445133561	0.251416643	1.048116995	0.992914238	0.531165001	0.348409306	-2.366538546	0.303089375	0.539795897	-2.259965697	1.115824656	1.087204938	0.900086555	-2.095088002	0.014932047	0.275690076	-2.465953153	0.68742118	0.899741182	0.594183314	-0.60324292	0.108862789	0.010311609	0.779559515	0.320768605	0.647481516	0.665583336	-0.489190576	0.725832794	-0.025885606	1.036674196
ID93	1.990262663	1.962110505	1.986231041	1.963608767	2.004295856	1.994630071	1.998519987	1.977673536	1.989333731	1.985808322	1.989306548	2.002886343	1.969341753	1.975344832	1.976532208	1.997666245	1.977010457	1.983079982	1.892643703	1.927796417	1.959198269	1.973848359	1.985306748	1.988244539	1.945734476	1.971614823	2.008750867	2.005219383	1.978760092	1.988717995	1.996704915	1.994697921	1.958734479	1.958211841	1.983484426	1.987745846	1.964150502	1.991948264	1.994705088	1.924241772	1.978051764	1.924751502	1.986037179	1.985944315	1.96696888	1.951737647	1.990393658	1.983661289	1.909587403	1.983703	1.980624969	1.963082082
ID59	0.502118793	0.506600584	0.82204288	0.65430237	0.600891915	0.76182149	0.595496883	0.744474525	0.459477441	0.738977053	0.718203767	0.688810752	0.468593402	0.819503443	0.695651775	1.030917298	0.859895389	0.776612593	0.750019092	0.90304683	0.84214611	0.76516566	0.915816417	0.648215238	0.733697217	0.730377699	0.766067874	0.917770086	0.525414282	0.761145192	0.593484393	0.826660491	0.626905348	0.786421572	0.748532586	0.734513814	0.674741394	0.625754954	0.70193658	0.609530677	0.878394619	0.654518003	0.760242906	0.775556498	0.631105673	0.417868746	0.604097055	0.771026999	0.617440456	0.646785093	0.720492743	0.686229903
ID29.T2	-0.241582396	-0.405502344	-0.481592513	-0.679869736	-0.174719758	-0.301181057	-0.577207394	-1.014881143	-0.381491808	-0.611188806	-0.640894386	-0.52714046	-0.619470058	-0.103404672	0.137855319	-0.374961776	-0.733654868	-0.198672738	-0.112297686	-0.396863617	-0.440746889	-0.010464347	-0.552928935	-0.432236369	-0.466882746	-0.229451907	-0.244722154	-0.151691439	-0.426939085	-0.317681102	-0.61830551	-0.483224583	-0.232711705	-0.74613978	-0.646515854	-0.202097208	-0.897853364	-1.230128653	-0.47404786	-0.485012654	-0.552906461	-1.091012225	-0.277929135	-0.133377362	-0.693009468	-0.596136177	-0.305732642	0.058556096	-0.389648826	-0.337692587	-0.22297428	0.18873231
ID29.T3	-0.313520712	-0.471657553	-0.714695602	-0.870464509	-0.75849075	-0.655287524	-0.384910087	-0.541318794	-0.140377708	-0.799596809	-0.943832724	-0.544832212	-0.466231288	-0.401024832	-0.654478537	-0.255661669	-0.608392551	-0.285631413	-0.288726869	-0.390916674	-0.647531899	-0.067414075	0.02226661	-0.726134688	-0.596281089	-0.501473576	0.001899188	0.126076093	-0.142752252	-0.56562957	-0.558123941	-0.275747538	0.045214605	-0.543736599	0.091489261	-0.448668228	-0.42054443	-0.378919761	-0.444454728	-0.248252838	-0.595075173	-0.823909784	-0.463295963	-0.371805669	-0.152854527	-0.369735488	-0.685940083	-1.428123037	-0.886165547	-0.873462318	-0.453815854	-0.413665606
ID33.T1	1.943381577	1.978164832	2.017565337	2.001588173	2.019676729	2.041661534	2.030444913	2.032427232	2.014884638	2.014103817	2.038151464	2.021307192	1.745971292	2.02660413	2.055430563	2.001779113	1.875621589	2.021128712	1.949937301	2.027659632	1.997135914	2.029163125	2.121511119	2.009531633	1.964496713	2.0541338	2.107053352	2.019050487	1.971177845	2.078348724	2.084682501	2.043261111	1.983701509	1.958976109	1.957926835	2.079966542	1.82224169	1.905413892	2.034430681	2.03271706	2.015209139	1.927427539	1.99330255	2.027364529	1.983273393	1.734147723	1.998737214	1.917462671	1.879097877	1.996714427	2.023586308	1.869800511
ID33.T2	1.928596608	1.947741249	1.974292277	1.964378039	1.972951403	2.005041789	1.973397978	2.000621176	1.984335747	1.988882773	2.000868218	1.976057936	1.791321783	2.001283701	1.992048424	1.969791926	1.94697722	1.99341667	1.929422007	1.980053085	1.877880046	1.98871727	2.029708098	1.998271448	1.894228167	1.984072783	2.003282674	1.963425192	1.921729581	2.013476957	1.999296126	1.981193621	1.959796831	1.938953792	1.795042381	2.006555739	1.812823798	1.938882688	2.038662534	2.007505644	2.001670663	1.944371695	1.998677163	2.00338844	1.983464821	1.850273465	1.968008526	1.985727467	1.868451377	1.975258371	1.980776305	1.914902453
ID33.T3	1.957860101	1.977021994	2.002372635	1.99175221	2.001317551	2.032761634	2.002217643	2.028177887	2.017032748	2.01821449	2.033886309	2.008718228	1.812821229	2.033234129	2.028141994	1.998428509	1.893228658	2.017320697	1.959589775	2.010991622	1.991459136	2.025816246	2.073599782	2.026870853	1.982134651	2.029290557	2.058119605	1.995688471	1.964516732	2.046171309	2.049018873	2.004788424	1.988052128	1.973295399	1.985130891	2.037554684	1.852368521	1.984579184	2.022087371	2.02148907	2.001823025	1.969759688	2.000053055	2.020529218	1.998121757	1.864887092	1.990368371	2.016245817	1.900303392	2.001338881	2.00625837	1.933631237
ID51.T2	-0.069434662	0.062591486	-1.136980869	-0.200413631	-0.167621118	-0.257813873	-0.217787727	-0.274577718	-0.26563921	-0.336095756	-0.271760947	0.580146688	-0.31580582	0.089662873	0.362487369	0.410918366	0.03967148	0.15181078	0.076093956	0.435624239	0.020965737	-0.115550854	-0.044862152	0.361364513	-0.499679553	0.220817259	0.319136569	0.272350773	0.088545513	-0.191447567	0.0915413	-0.024388893	0.279536914	0.291221557	-0.763712116	0.340369914	0.584452932	-1.536028957	0.334681749	-0.815797301	0.00310404	-1.879390559	-0.514101577	-0.620023617	-0.06866754	-0.97256969	-0.351681306	-0.510909211	0.337249594	-0.202730903	-0.882119687	-0.409982141
ID51.T3	0.242022293	-0.033491907	-0.384007266	-0.350729255	-0.022547013	-0.655694741	-0.003241858	0.190052659	0.182042199	-0.520101512	-0.219751226	0.162117647	-0.034885314	0.152539874	0.067013323	0.183412665	0.057870392	0.156948993	0.182978514	0.025546226	-0.093720078	0.316367141	-0.015691835	0.101489285	0.015787655	-0.311521599	0.151539783	0.106706038	-0.121306029	0.385133241	0.587923606	-0.064876039	0.667111574	-0.11339225	-0.061234563	-0.163309634	-0.148294482	0.811110008	-0.236034418	0.017286983	-0.331936812	0.067260912	-0.267421522	-0.459701107	-0.35897906	0.211865365	-0.728147596	-0.535328107	-0.754474578	-0.190475255	0.037989464	-0.013896351
ID52.T1	1.909522582	1.896448553	1.912924747	1.943110224	1.958042982	1.997849942	1.969038366	1.516043451	2.019113359	2.026705853	2.042315791	2.003645359	1.832520512	2.013609445	2.021617936	1.962727249	2.002018858	2.013066916	1.924477277	2.014943328	1.844549563	2.001657441	2.035651713	1.952466303	1.698915014	1.993862903	1.980371379	2.002696092	1.832999884	2.004655306	2.061985349	1.985025827	1.799801953	1.880921667	1.934082114	2.033992417	1.772994249	1.590470019	2.058105733	1.763079445	1.918712693	1.618154286	1.916990731	1.886078539	1.980441098	1.803530545	1.902502645	2.083049673	1.797533963	1.819743666	1.917193934	1.805290869
